2007_000027.jpg,223,188,146,208,1
2007_000032.jpg,199,198,226,87,2,136,178,53,30,2,169,260,15,41,1,28,267,15,41,1
2007_000033.jpg,211,209,408,130,2,375,232,51,21,2,305,226,71,29,2
2007_000039.jpg,207,204,157,158,3
2007_000121.jpg,301,173,187,199,3,113,176,190,204,3
2007_000187.jpg,99,230,199,201,3
2007_000243.jpg,188,201,77,55,2
2007_000256.jpg,207,200,402,113,2
2007_000272.jpg,205,237,232,357,1
2007_000323.jpg,323,208,186,309,1,131,208,244,309,1
2007_000423.jpg,71,195,59,154,1,344,220,78,185,1
2007_000480.jpg,295,274,105,177,1,141,274,95,173,1,50,277,92,167,1,202,214,403,213,2
2007_000559.jpg,220,164,175,179,3
2007_000664.jpg,156,208,228,310,1
2007_000738.jpg,206,219,412,92,2
2007_000799.jpg,303,301,225,180,1
2007_000807.jpg,166,220,138,391,1
2007_000847.jpg,199,254,195,324,1
2007_000999.jpg,168,214,231,403,1
2007_001175.jpg,202,251,206,147,1,171,217,82,50,1,336,176,74,61,3
2007_001284.jpg,153,258,83,210,1,255,225,114,157,1,291,249,125,203,1,333,254,166,217,1,52,254,104,217,1,360,146,24,41,1
2007_001288.jpg,205,183,298,111,2,355,310,116,37,2,212,309,99,34,2
2007_001377.jpg,245,227,37,72,2
2007_001423.jpg,210,230,214,231,1
2007_001558.jpg,118,211,237,227,1,325,194,181,260,1
2007_001568.jpg,209,214,413,343,2
2007_001583.jpg,300,187,83,197,1,125,213,135,299,1
2007_001585.jpg,217,224,109,202,1
2007_001586.jpg,234,155,104,170,1
2007_001627.jpg,211,200,146,390,1
2007_001630.jpg,84,52,23,83,1,241,100,65,156,1,165,188,104,218,1,258,289,156,253,1,344,119,33,186,1
2007_001667.jpg,227,206,39,85,1
2007_001678.jpg,363,205,106,105,3,249,197,81,76,3,150,287,123,118,1,114,140,31,40,1,149,128,26,20,3
2007_001686.jpg,183,277,78,277,1
2007_001704.jpg,217,183,238,263,3
2007_001709.jpg,329,242,49,129,1,84,207,168,277,1
2007_001717.jpg,24,156,48,48,3,352,274,88,203,1,245,249,115,254,1
2007_001761.jpg,219,218,394,155,2
2007_001763.jpg,115,58,93,12,3
2007_002079.jpg,223,222,98,280,1,310,239,100,244,1
2007_002099.jpg,208,227,416,198,2
2007_002107.jpg,356,259,34,12,2
2007_002119.jpg,337,191,61,56,3,170,216,84,222,1,103,219,66,276,1,71,208,94,310,1,14,163,21,30,1,18,221,35,111,1
2007_002120.jpg,232,217,359,258,1
2007_002132.jpg,203,219,101,78,3
2007_002142.jpg,205,243,114,206,1,291,237,98,218,1,27,213,47,73,1
2007_002198.jpg,226,171,256,59,2
2007_002262.jpg,232,222,311,247,1
2007_002266.jpg,286,300,189,79,2,209,208,411,117,2
2007_002273.jpg,199,155,84,135,1
2007_002281.jpg,167,170,21,35,1
2007_002293.jpg,180,227,218,377,1,225,262,166,308,1
2007_002344.jpg,208,226,275,380,1
2007_002361.jpg,329,331,67,170,1
2007_002376.jpg,190,175,381,160,2
2007_002378.jpg,236,182,166,246,1
2007_002387.jpg,195,219,25,83,1,169,173,17,31,1,144,174,23,31,1
2007_002539.jpg,209,251,91,190,1
2007_002545.jpg,167,223,109,377,1
2007_002565.jpg,245,264,63,134,1
2007_002611.jpg,165,197,330,291,1
2007_002619.jpg,203,204,265,384,2
2007_002624.jpg,161,266,143,194,1,255,220,88,88,1
2007_002639.jpg,310,235,47,104,1,227,235,56,134,1,177,241,48,121,1
2007_002643.jpg,357,147,38,97,1,191,179,84,87,1
2007_002824.jpg,208,212,416,347,1
2007_003000.jpg,195,184,71,42,2
2007_003134.jpg,103,223,100,192,1,191,203,116,177,1,312,208,177,304,1
2007_003188.jpg,287,208,148,309,1
2007_003191.jpg,147,207,290,277,1
2007_003329.jpg,192,211,227,399,1
2007_003529.jpg,177,214,199,216,1
2007_003530.jpg,158,255,308,215,1
2007_003541.jpg,271,215,117,402,1,157,237,157,357,1
2007_003580.jpg,189,210,292,412,1
2007_003581.jpg,110,217,219,292,1,333,219,161,287,1,247,80,40,56,1
2007_003604.jpg,238,110,237,117,3
2007_003611.jpg,188,292,17,30,1
2007_003621.jpg,242,187,70,127,1
2007_003659.jpg,164,204,50,93,1
2007_003711.jpg,233,161,21,23,1,197,160,17,22,1,176,159,21,23,1,287,202,10,30,1,298,203,13,27,1,310,204,12,29,1
2007_003742.jpg,170,168,233,275,1
2007_003745.jpg,152,217,156,371,1
2007_003747.jpg,162,135,191,254,1
2007_003831.jpg,123,208,168,284,1,209,223,116,208,1
2007_003876.jpg,110,149,67,38,2
2007_004000.jpg,263,209,116,353,1,153,215,114,392,1
2007_004009.jpg,177,205,100,124,2
2007_004033.jpg,78,125,41,109,1
2007_004049.jpg,150,208,273,414,1,240,209,324,412,1
2007_004052.jpg,185,208,292,88,2
2007_004065.jpg,385,231,19,47,1,12,232,17,40,1,294,204,22,28,1
2007_004092.jpg,208,249,297,226,1
2007_004112.jpg,237,216,357,294,1
2007_004121.jpg,235,208,105,125,1,162,220,52,64,1
2007_004133.jpg,133,215,106,262,1
2007_004166.jpg,227,198,50,43,3
2007_004190.jpg,83,234,167,175,3
2007_004193.jpg,161,248,85,83,3
2007_004197.jpg,303,216,199,260,1
2007_004238.jpg,50,251,85,210,1,236,254,94,204,1,331,217,140,277,1
2007_004265.jpg,272,224,124,114,1
2007_004281.jpg,393,315,45,96,1
2007_004289.jpg,212,143,63,69,3,59,260,110,205,1,160,215,149,193,1,251,232,202,257,1
2007_004291.jpg,208,208,308,416,1
2007_004328.jpg,79,236,86,123,1
2007_004380.jpg,205,195,265,349,1,199,176,194,181,1
2007_004397.jpg,190,183,277,366,1
2007_004454.jpg,269,195,82,233,1
2007_004510.jpg,152,135,101,85,3
2007_004517.jpg,180,248,293,335,1
2007_004722.jpg,259,244,92,212,1,318,252,88,218,1
2007_004795.jpg,227,231,65,148,1
2007_004830.jpg,209,181,35,21,1
2007_004831.jpg,196,213,208,240,1
2007_004841.jpg,115,235,53,36,2,301,148,21,14,2
2007_004988.jpg,208,198,415,243,2
2007_005019.jpg,239,207,254,282,1,64,260,120,176,1
2007_005043.jpg,305,279,97,23,2
2007_005210.jpg,115,191,109,111,3
2007_005509.jpg,197,178,376,112,2,407,211,11,32,1,395,210,7,30,1,386,209,11,33,1,374,210,12,33,1,362,214,13,39,1,346,215,15,44,1,354,224,9,32,1,331,207,9,29,1,307,215,10,34,1,264,214,15,35,1,251,216,12,39,1,155,212,11,29,1,138,211,8,27,1,131,212,7,26,1
2007_005600.jpg,207,228,197,53,2,238,193,53,24,2,88,243,11,26,1,78,242,11,24,1
2007_005828.jpg,219,199,297,123,2
2007_005902.jpg,81,211,84,87,3,233,218,109,87,3,343,221,115,122,3
2007_006066.jpg,203,228,158,120,3
2007_006212.jpg,200,256,390,156,2
2007_006232.jpg,236,246,330,114,2
2007_006704.jpg,155,140,255,176,3
2007_006808.jpg,124,211,194,303,1
2007_006809.jpg,194,246,177,231,1
2007_006946.jpg,205,197,401,255,2
2007_006981.jpg,181,203,58,149,1
2007_007020.jpg,127,251,62,211,1
2007_007196.jpg,348,174,135,154,3,212,173,140,148,3,71,177,140,159,3
2007_007250.jpg,186,149,171,131,3
2007_007341.jpg,398,339,35,47,1,269,345,46,36,1,213,179,318,141,2
2007_007470.jpg,213,197,190,204,2
2007_007698.jpg,212,215,119,56,2
2007_008948.jpg,405,185,22,65,3
2007_009295.jpg,317,137,198,170,3
2007_009348.jpg,211,175,182,99,2
2007_009446.jpg,110,194,197,209,3
2007_009594.jpg,231,327,91,72,3
2007_009911.jpg,204,208,284,107,2
2008_000002.jpg,200,177,344,235,3
2008_000016.jpg,200,204,251,281,3
2008_000021.jpg,203,232,384,117,2
2008_000023.jpg,202,108,256,217,3
2008_000033.jpg,241,200,310,163,2
2008_000037.jpg,206,205,335,104,2
2008_000064.jpg,207,254,311,257,2
2008_000151.jpg,215,253,25,30,2
2008_000197.jpg,135,208,112,57,2
2008_000244.jpg,212,207,335,311,3
2008_000585.jpg,207,209,415,308,2
2008_000804.jpg,218,215,338,164,2
2008_000805.jpg,218,185,364,243,2
2008_001428.jpg,208,199,353,295,3
2008_001468.jpg,211,250,409,199,2
2008_001470.jpg,179,256,40,199,1,221,260,42,191,1
2008_001475.jpg,210,267,305,298,1,71,216,38,149,1
2008_001481.jpg,145,253,187,325,1,201,259,162,283,1,330,164,66,101,3,92,163,80,104,3
2008_001546.jpg,217,190,387,145,2
2008_001547.jpg,240,226,106,203,1
2008_001704.jpg,98,170,197,191,3
2008_001719.jpg,176,207,272,166,2
2008_001814.jpg,231,289,28,92,1,196,243,35,87,1
2008_001815.jpg,89,138,178,167,3,20,170,40,131,3
2008_001880.jpg,204,205,385,406,3
2008_001881.jpg,104,206,188,309,1,293,207,230,311,1
2008_001882.jpg,238,213,138,354,1
2008_002066.jpg,195,246,252,236,3
2008_002231.jpg,223,228,255,322,1,74,267,45,119,3